11111111111111111111111110001111111111111111111111111110000000000000000000000000000000000000000000000000000000000000000000000000000000000000000000000000000000000000000000000000000000000000000000000000000000000011010000000000000000000000000000000000000000000000000000000000000000000000000000000
0000000000000000000000000000000000000000000000000000000000000000000000000000000000000000000000000000000000000000000000000000000000000000000000000000000000011011000000000000000000000000000000000000000000000000000000000000000000000000000000
0000000000000000000000000000000000000000000000000000000000000000000000000000000000000000000000010000000000000000000000000000000000000000000000000000000000010001000000000000000000000000000000000000000000000000000000000000000000000000000000
0000000000000000000000000000000000000000000000000000000000000000000000000000000000000000000000010000000000000000000000000000000000000000000000000000000100011001001000000000000000000000000000000000000000000000000000000000000000000000000000
0000000000000000000000000000000000000000000000000000000000000000000000000000000000000000000000000000000000000000000000000000000000000000000000000000000100011000011000000000000000000000000000000000000000000000000000000000000000000000000000
0000000000000000000000000000000000000000000000000000000000000000000000000000000000000000000000000000000000000000000000000000000000000100000000000000000010011000100000000000000000000000000000000000000000000000000000000000000000000000000000
0000000000000000000000000000000000000000000000000000000000000000000000000000000000000000000000000000000000000000000000000000000000011100000000000000000011110000110000000000000000000000000000000000000000000000000000000000000000000000000000
0000000000000000000000000000000000000000000000000000000000000000000000000000000000000000000000000000000000000000000000000000000011111110100000000000000000000001111111000000000000000000000000000000000000000000000000000000000000000000000000
0000000000000000000000000000000000000000000000000000000000000000000000000000000000000000000000000000000000000000000000000000000011001111100000000000000000000001100000000000000000000000000000000000000000000000000000000000000000000000000000
0000000000010000000000000000000000000000000000000000000000000000000000000000000000000000000000000000000000000000000000000000000000001110000000000000000000000000000000000000000000000000000000000000000000000000000000000000000000000000000000
0000000000001000000000000000100000000000000000000000000000000000000000000000000000000000000000000000000000000000000000000000000000011110000000000000000000000000000000000000000000000000000000000000000000000000000000000000000000000000000000
0000000000000011000000000001110000000000000000000000000000000000000000000000000000000000000000000000000000000000000000000000000000011100000000000000000000000000000000000000000000000000000000000000000000000000000000000000000000000000000000
0000000000000000100000000110000000000000000000000000000000000000000000000000000000000000000000000000000000000000000000000000000000001100000000000000000000000000000000000000000000000000000000000000000000000000000000000000000000000000000000
0000000000000000100000000110000000000000000000000000000000000000000000000000000000000000000000000000000000000000000000000000000000001100000000000000000000000000000000000000000000000000000000000000000000000000000000000000000000000000000000
0000000000000000000000000110110000000000000000000000000000000000000000000000000000000000000000000000000000000000000000000000000000001100000000000000000000000000000000000000000000000000000000000000000000000000000000000000000000000000000000
0000000000000000000000000111111000000000000000000000000000000000000000000000000000000000000000000000000000000000000000000000000000011100000000000000000000000000000000000000000000000000000000000000000000000000000000000000000000000000000000
0000000000000000000000000110011000000000000000000000000000000000000000000000000000000000000000000000000000000000000000000000000000000000000000000000000000000000000000000000000000000000000000000000000000000000000000000000000000000000000000
0000000000000000000000000110011000000000000000000000000000000000000000000000000000000000000000000000000000000000000000000000000000000000000000111111111111111111111111111111111111100000000000000000000000000000000000000000000000000000000000
0000000000000000000000000111010000000000000000000000000000000000000000000000000000000000000000000000000000000000000000000000000000000111111111111111111111111111111111111111111111111111111000000000000000000111110000000000000000000000000000
0000000000000000000000000011110000000000000000000000000000000000000000000000000000000000000000000000000000000000000000000000000111111111111111111111111111111111111111111111111111111111111111111000000000001111111000000000000000000000000000
0000000000000000000000000000011111100000000000000000000000000000000000000000000000000000000000000000000000000000000000000011111111111111111111111111111111111111111111111111111111111111111111111111111000001110001110000000000000000000000000
0000000000000000000000000000011111111100000000000000000000000000000000000000000000000000000000000000000000000000000111111111111111111111111111111111111110000000001110001111111111111111111111111111111111111100000110000000000000000000000000
0000000000000000000000000000111111111111000000000000000000000000000000000000000000000000000000000000000000000001111111111111111111111111111100000000000000011111111110000000000000001111111111111111111111111111100011000000000000000000000000
0000000000000000000000000000111100001111100000000000000000000000000000000000000000000000000011100000000000111111111111111111111111111000000000000000000000111111111110000000000000000000111011111111111111111111111111000000000000000000000000
0111111111111110000000000000011000000111110000000000000000001111000000000000000000000000000011111110001111111111111111111111111000000000000000000000000000111111111100000000000000000000000000000011111111111111111111111110000000010000000000
1111111111000001111111111111111111111111111110000000001111111111110000000000000000000000000000111111111111111111111111111000000000000000000000000000000000111110000000000000000000000000000000000000000111111111111111111111111100000000000000
1111111111111110000000000000000000000111111001111111111111111111111111111110000000000000000111111111111111111111111100000001000000000000000000000000000000111000000000000000000000000000000000000000000000001111111111111111111111111000000000
1111111111111111111111000000000000001111111100000001111111110000111100000001111111111111111111111101111111111110000000000011000000000000000000000000000000111000000000000000000000000000000000000000000000000000011111111111111111111111111100
0111111111111111111111111110000000001111111100000000111111000000111110000001000111111111111111111111111111111111111111111111111111111100000000000000000000111000000000000000000000000000000000000000000000000000000000111111111111111111111110
0000011111111111111111111111111111111111111100000000001111000000111100011111111111111111111111111011100001111000000000000000000000000111111111111111111111111111111000000000000000000000000000000000000000000000000000000001111111111111111111
0000000000111111111111111111111111111111111111111111111111111111111111111111111111111111111111111000000001111000000010100110000000000000000000000000000000111111111111111111111111111111111111111000001111111111000000000000000011111111111111
0000000000000000111111111111111111111111111111111111111111111111111111111111111111111111111001110000000000111000000000011110000000000000000000000000000000111111111110000000000000000000000000000111111111111111111111111111111000010111111111
0000000000000000000001111111111111111111111111111111111111111111111111111111111111111000000011110000000000111100000000111000000000000000000000000000000000111000111110000000000000000000000000000011111111111111111100000000000111111111111111
0000000000000000000000000000111111111111111111111111111111111111111111111111111000000000000011110000000001111000000000000000000001111111111000000000000000100000011110000000000000000000000000001111111000000000111100000000000000000000000000
0000000000000000000000001100000000011111111111111111111111111111111111000000000000000000000111100000000001111000000000000000000011111111111110000000000000000000001111000000000011000000000000011111000000000000011100000000000000000000000000
0000000000000000000000001110000000011111110000010000100111111111111000000000000000000000000111110000000011111000000000000000000011111111111111000000000000001000001110000000000011100000000000111110000000000000011100000000000000000000000000
0000000000000000000000001110000000011111111110011000100111111101111100000000000000000000000111111110000011111000000000000000000000000000001111000000000000000000011110000000000000011000000001111000000000000000010000000000000000000000000000
0000000000000000000000011110000000111111110000101000100111110000011110000000000000000000000111111111111111110000000000000000000000000000000111000000000000000000011110000000001110000000000011110000000000000000000000000000000000000000000000
0000000000000000000000011110000001111111110111000000010011110000011111000000000000000000001111000011111111100000000000000000000000000000000111100000000000000000111110011111000010000011100111100000000000000000000000000000000000000000000000
0000000000000000000000001111000001111111100001000000010011110000001111000000000000000000001111000001111000000000000000000000000000000000000111100000000001111111111100000011001000100011111111000000000000000000000000000000000000000000000000
0000000000000000000000000111111111111111100000000000001111110000000111100000000000000000011110000000111100000000000000000000000000000000000111100000000001111111111000001100000000000110011111000000000000000000000000000000000000000000000000
0000000000000000000000000011111111111111100000000000000011110000000111111100000000000000011110000000111100000000000000000000000000000000000111100000000001111111100000000111000100000110001110000000000000000110000000000000000000000000000000
0000000000000000000000000000011111111111000000000000000011110000000011111110000000000000011110000000011100000000000000000000000000000000011111000000000001111000000010000110000010000111001110000000000000001111000000000000000000000000000000
0000000000000000000000000000000011111100000000000000000011111100000001111100000000000000111100000000011100000000000000000000000000000000111111000000000000000000000000011000000000000011111110000000000000011111000000000000000000000000000000
0000000000000000000000000000000000000000000000000000001111111110000000000000000000000111111100000000011100000000000000000000000000001111111100000000000000000000100010000000000000000001110111000000000000111110000000000000000000000000000000
0000000000000000000000000000000000000000000000000000001111111110000000000000000000000111111100000000011110000000000000001111111111111111110000000000000000000000000000000000000000011100000111111000000011111100000000000000000000000000000000
0000000000000000000000000000000000000000000000000000000111000000000000000000000000000001111111000000011110000000000000011111111111111110000000000000000000000000000000000000000000001111000011111111111111111000000000000000000000000000000000
0000000000000000000000000000000000000000000000000000000000000000000000000000000000000000011111100000011110000000000000111111111111000000000000000000000000000000000000000000000000000111111000011111111111110000000000000000000000000000000000
0000000000000000000000000000000000000000000000000000000000000000000000000000000110000100000011000000011110000000000000111111111111000000000000000000000000000000000000000000000000100001111100000000000011100000000000000000000000000000000000
0000000000000000000000000000000000000000000000000000000000000000000000000000000010000110000000000000011110000000000000010000011111110000000000000000000000000000000000000000000000111001001100000000000111000000000000000000000000000000000000
0000000000000000000000000000000000000000000000000000000000000000000000000000000000000000000000000000011110000000000000000000000011111000000000000000000000000000000000000000000000111111001000000000001111000000000000000000000000000000000000
0000000000000000000000000000000000000000000000000000000000000000000000000000000000000000000000000000001111110000000000000000000000111110000000000000000000000000000000000000000000001111111000000000001110000000000000000000000000000000000000
0000000000000000000000000000000000000000000000000000000000000000000000000000000000000000000000000000000011110000000000000000000000011111000000000000000000000000000000000000000011000111111000000000011110000000000000000000000000000000000000
0000000000000000000000000000000000000000000000000000000000000000000000000000000000000000000000000000000000000000000000000000000000001111111000000000000000000000000000000000000011100100000000000000011100000000000000000000000000000000000000
0000000000000000000000000000000000000000000000000000000000000000000000000000000000000000000000000000000000000000000000000000000000000111111100000000000000000000000000000000000001111100000000000000011100000000000000000000000000000000000000
